{
  "cells": [
    {
      "cell_type": "markdown",
      "metadata": {
        "id": "9f3Lc4JsCyV2"
      },
      "source": [
        "Import library"
      ]
    },
    {
      "cell_type": "code",
      "execution_count": 1,
      "metadata": {
        "id": "rFC1ocI_9Cox"
      },
      "outputs": [],
      "source": [
        "import os\n",
        "import pandas as pd\n",
        "import numpy as np\n",
        "import torch\n",
        "from sklearn.metrics import confusion_matrix\n",
        "from torch.utils.data import Dataset, DataLoader\n",
        "from torchvision import transforms, models\n",
        "from PIL import Image\n",
        "from tqdm.notebook import tqdm\n",
        "from sklearn.metrics import f1_score\n",
        "from torchvision.transforms import v2\n",
        "import torch.nn.functional as F"
      ]
    },
    {
      "cell_type": "markdown",
      "metadata": {
        "id": "7BlXWPE2CYQ0"
      },
      "source": [
        "Custom Class for Load Data"
      ]
    },
    {
      "cell_type": "code",
      "execution_count": null,
      "metadata": {
        "colab": {
          "base_uri": "https://localhost:8080/"
        },
        "id": "cJpGxMEDCWV8",
        "outputId": "5a05abf8-d2a2-40c0-a31c-0330c071f327"
      },
      "outputs": [],
      "source": [
        "class CSVLabelDataset_Train(Dataset):\n",
        "    def __init__(self, csv_dir, img_dir, transform=None):\n",
        "        self.annotations = pd.read_csv(csv_dir)\n",
        "        self.img_dir = img_dir\n",
        "        self.transform = transform\n",
        "    \n",
        "    def __len__(self):\n",
        "        return len(self.annotations)\n",
        "    \n",
        "    def __getitem__(self, idx):\n",
        "        img_name = self.annotations.iloc[idx]['file_name'] \n",
        "        label = int(self.annotations.iloc[idx]['label'])     \n",
        "        img_path = os.path.join(self.img_dir, img_name)\n",
        "        try:\n",
        "            image = Image.open(img_path).convert('RGB')\n",
        "        except Exception as e:\n",
        "            print(f\"Error loading image {img_path}: {e}\")\n",
        "            raise e   \n",
        "        if self.transform:\n",
        "            image = self.transform(image)\n",
        "            \n",
        "        return image, label\n",
        "\n",
        "class CSVLabelDataset_Test(Dataset):\n",
        "    def __init__(self, csv_dir, img_dir, transform=None):\n",
        "        self.annotations = pd.read_csv(csv_dir)\n",
        "        self.img_dir = img_dir\n",
        "        self.transform = transform\n",
        "    \n",
        "    def __len__(self):\n",
        "        return len(self.annotations)\n",
        "\n",
        "    def __getitem__(self, idx):\n",
        "        img_name = self.annotations.iloc[idx]['file_name'] \n",
        "        id = str(self.annotations.iloc[idx]['id'])\n",
        "        img_path = os.path.join(self.img_dir, img_name)\n",
        "        try:\n",
        "            image = Image.open(img_path).convert('RGB')\n",
        "        except Exception as e:\n",
        "            print(f\"Error loading image {img_path}: {e}\")\n",
        "            raise e   \n",
        "        if self.transform:\n",
        "            image = self.transform(image)\n",
        "        \n",
        "        return image, id"
      ]
    },
    {
      "cell_type": "markdown",
      "metadata": {},
      "source": [
        "Model train"
      ]
    },
    {
      "cell_type": "code",
      "execution_count": null,
      "metadata": {
        "colab": {
          "base_uri": "https://localhost:8080/",
          "height": 1000,
          "referenced_widgets": [
            "f2ad4512c8884d0a8c7924bc3197af0e",
            "b04a5227a4ba49f3aea15209dd3f80aa",
            "9f4efbd2f9ed45d3865462e4cdbb494b",
            "6820e40abb7648ac9b665a294f9d69c3",
            "45d4873796d24af08bbf42c803a84db7",
            "8d7b3ff323074b709cfa8e2d794a3d5a",
            "c8a5f265d9a84734b0c1a11a7d043503",
            "3700f38895054bdea0d94f1ee9fa2b16",
            "db201b1b272e4613a13f766a41726b55",
            "f9aa7a11030a4aefb30babc6bf8765da",
            "f1e14ad93f1f48178357d46e56bc4030",
            "d630d254e8c84959a7efbc8e2bee20a2",
            "fbf13d3c3db044009377b8342dffa430",
            "d35851dc79254313bd4b320418f67f88",
            "d257e69f65d34491872b5d69036ac3bf",
            "1a31ebf20fcc4b0b90f6a7fc68abdf88",
            "4915fe3b7111449098fded7b41693a7a",
            "cf164c02e5714556a1fae430708f7e09",
            "d2ef5aa5450e49228e87e73d8afb7108",
            "9056d69f51244bed9ef8341781b8a49d",
            "4b26871bec4b46ea83417f4a1f98c376",
            "8672e125437a4521af2a0fadafec510a",
            "b905778239944f7fa62bac6d3f2a6f53",
            "dfad08d8071a4d859b904397aa76df5a",
            "8b4bd36c80814888982a9fc42aeea8c9",
            "878f9f34da954647ab7e2aad28fa5bb3",
            "ae5db829ddca41c0b7500b832699444c",
            "26447072940948d5970d791ff83809d2",
            "0a1dc9f0ce564e6ca3c15ffbbad5240f",
            "8cd479bd27d146efb88756f85f3275f4",
            "eae6831ac0884bc6aaf343c095388d21",
            "a25048dd7b5141a0bf75d9c8fb310e2e",
            "5769c4709d5e44ba9400afa91abf03ac",
            "f9fdc4ff22ad467fa2d89f1ab2bd0a35",
            "13857caf85ea4c81b5cc3b17a6c6fa0b",
            "ef28f6d60ca24ddc9fe65838d6604902",
            "0f3f46eb317c4231917852f997b9e1fe",
            "27195285f9ef4c639898107409adadf1",
            "9d027406ce3942e89d2f820bcf724bb2",
            "649e09e6a6a74437a0c7191b5308707a",
            "7a2f67a63d7745298f5c029e0428d4b4",
            "ddefafa58167443d9013cc59cec17eb4",
            "df6bdcb3e7d94385ba415b89d064cb30",
            "1ca714861434420393245441d2f76407",
            "eac9ee7461044a9e962453c14669c9c8",
            "a59116134eb646eead04b462474d6572",
            "fcd4f5812cc943b0bfd91c556042e09e",
            "fba42d0968d74b3e97cedf777889ade0",
            "9cb1767a99014594b0c76a72b925bab3",
            "d07a30f776fc4aa7934b388dcbe1ebbc",
            "b61e50dd8ecb4eca817b69c9f9ab40ee",
            "def6262a6a3d40efb29337e507a7f06e",
            "625f5872d1df4e7da6c5a8475de12731",
            "372904d6f52c45d6b6370aa431fa6968",
            "971f47b1e8ce4882a853909e6a2708c8",
            "ff21cf3bc9374a6b9cc2feabcc025c7c",
            "783b153a6c8c46b3b849917fb1934f76",
            "17c21b00883645e98e42d2f4ac612231",
            "0767d53476284e6b988066be7252a630",
            "8a33770b1ef94f8bab9bebbd84e736c1",
            "393c02a45bf643b99556a226c8bde434",
            "19dda7f864c14ce4822243b6af460d7a",
            "fb8c4c5053e146f5aaf673dbbf26c55f",
            "59565eb6833f46d89f8772f942058e2b",
            "c496cd8f59134dfcb2b7e6b539e0bf72",
            "604c0141360a47b39ab57733e860953e",
            "d15006c76709485885900f4559712877",
            "d9ab3a76977b45eca9ae5f34e5025d7b",
            "aced97a0a7ee431b8480222a0fa3a569",
            "96ac5ad47fae4157b20d33c1ad041e0c",
            "67d68115e2474ed0ae2b864a998cdb34",
            "a583ca2422064b638ccd2ebb5ca93ad6",
            "7ff9379372dc4263a81cc4335f1d72bb",
            "9fcdcff45ca54f4ebb21c8de754f712a",
            "9a3c3e3c6cfa43939e83dd723ddcd435",
            "6266a2e149454eafb8a701d7ae5d35b5",
            "6fb5fe88587c4e618210ce613be6280e",
            "bdf5af5d8a834780aa03bca4dd368508",
            "b8684f2467ff40749b6052315b35cb2a",
            "1d70d798b70e44f8a3a8f00d2f21ec66",
            "c1158339c49545199ffe5d92d587b667",
            "839b289611674348bbb1181a86bb6efe",
            "53e8e17ce15e4f279f2de8316713ec63",
            "05f913ccb5a749e58344a23fc03a9e25",
            "83448161580945038520f51e2ec4cddd",
            "964d4fd759a845a782fa7d541fd07c01",
            "0d73e76f6fb44ff0a6c5ec2eb40cd3f6",
            "069d4ce95f9d4b5c8d6f70fc2ba3df5c",
            "3f2c170962084526b320c28e3a53c1a6",
            "025f02d146f84ef6b796749da43f2336",
            "ad9326f9e0884fbba343e1191720e6b1",
            "8c3a450149284413bcc402609402779f",
            "79527555c462457189c302682a410d08",
            "e841b0f012a1434ea4f2879d40f6190c",
            "da2948e99e93436f8a037cfd92d7eeef",
            "e2795866803a45e78273b0c4256b7ab8",
            "e8c34b3964064600ab96129b202570a8",
            "a0b8d78f69c34456b43ec7144a991ea0",
            "556edbdea77d4f2f903a3308bda9a63b",
            "4f85447f1100476e8ffceaef1802950e",
            "33f32842d3a04997acef327f7fd1a55c",
            "29903874b8844b9f854c2ce318f3e007",
            "ba93e7ce899f4bb48808678fcd87c1df",
            "040f3d8a18fa4af8acb2ecefe2e2c0e8",
            "df101eb39d5045de82d2bc77c1e83008",
            "3c0b5852035141d4a9a6145a3253d30e",
            "14d13fc7e4ce4150b9299855d15292ef",
            "c46a146194f84dac89f50f559fa4ea66",
            "3f809e91280a45139ec56413df67aa17",
            "baa55493f0d24ec9b20b83b63879c1c3",
            "825f8e960fa7423fa1fa8404d1e09978",
            "c65ceeae70ed41dda31879499256e805",
            "24dd3e2508ce493e9fb56677e6888593",
            "3457de494cb147d2833e8370a5dba988",
            "ce426c1ba9bc4f718439c4cf80d5311e",
            "00fe8281863244fc9e0b620cd109e490",
            "c8e5238768b24f5e9ce7c30115fc2b28",
            "da379f1092054a6992724d58c8860a2d",
            "46ddf477029c492086fa7a88992d8d15",
            "6f9ac08a03214edaa54bbd987708b343",
            "3676784f0b804fa0b1f500022473d807",
            "91c4742718aa487f8680946d6c6b9150",
            "82b7baf94f884dec9894008aa592cd70",
            "25deeba5da054a42b6cb4ac7395e2bef",
            "e4406d8e89db4cf1af4a61b7f7e25bb1",
            "70a98536f58242d6977ff7be91097fc1",
            "fb15c36c427645be9b5f008f456394af",
            "ce2996f7a68a4423b4056907cf3c53f2",
            "92b68e1200fc4d869b5a43e5aaa7cfeb",
            "a85ec77c3a2f4bb9ba4095a8071c13bc",
            "6848a0f3b5d64cab9896630ff813dc88",
            "c9ddbac515904f7ea4009785cfd3c595",
            "3e27fb3e1d1b4fddb77256af84bed6e2",
            "68c68e703ebe4dd69cb3e614160f9af0",
            "afea647a30df4c94abd8023f83e47a7d",
            "368c7c4e51d74532b8fa319a27f3140d",
            "bc1a33c1c28f4057b03e5b1038da85c7",
            "9f01bf7f071d4ecabb96e68a02a5845b",
            "bab4baed16d64f5485e80ea1ef28c69c",
            "7eaf869bb68543bd96d2524f1dc5ea12",
            "bac22354b7b44937a02c441f51acd42f",
            "31a177e438804f9ebd7a839d51e37249",
            "d17dc3c55959490eabc8cc926b624255",
            "0c59bd08ad1349338ad8ac8351809a04",
            "90e26f5500814f01a5295f54070f5664",
            "5e99d0b161ae4d0f80456e2e8db06113",
            "82ef98715e3244fd96faa4fea61f271b",
            "6b5c53a4854848b881ef44447a1cb92b",
            "26e5dab84d974521b0b6a7132fb7556a",
            "d73668d85f674b8b9479ecedd8002a6a",
            "be9f3fb88aff48208e4e3db792aa2d1d",
            "d1de85aff46e4a7bbb92117f20a58e8b",
            "ba3bbeed937349e38dc87e4069ca7128",
            "8c9c0ea5abca4f45b56e1d325fe26b6c",
            "1b2daf2416ba4dd5a7363edfddbe989d",
            "8b1b0b37f73f4447a3881960f8068407",
            "06245e4141524097be49572f68246c62",
            "11b47e7810e945dab6763a1c42648794",
            "2681388126db47a8bb9c51d5ac8d8c3f",
            "c3f1c9fb6d3e4ba2b3e7163beb1a1cc5",
            "2ed6d88b53224d8d82a3839a93d89edc",
            "f0786f1202014d7d8705b2a8770bf664",
            "7727bcfe7b7c40efaae701bc1dc23f63",
            "2a1b9580821342499d29171d81197b4b",
            "912034ca7b3648bd952cdae16c7c411c",
            "c07c4a6c60ae430e9caf25c7e00d0d82",
            "e6a784d4c22d4756ad6276c8139bb429",
            "4d5052b048a94f03ac925cca02701e0f",
            "dbb6255778e34e238997f2d9f4e2bcdf",
            "678ffead11024cf3a5a3a6dc9532c423",
            "d7f1eaaa08d04949990cfca76643b084",
            "b22b5a2121754e43b72cc139ebd86538",
            "a429f3e888e447d594d2edfbb1cb0243",
            "15c7401e7f97468eab4d56a4e2a267b3",
            "c4a5d0d75db74af3b4c7d9492d89cc42",
            "b54538c3de7347bf8bb1ba8d8c3e6208",
            "dcc167001f594576bb1adb78f541201f",
            "97a7744d035a43d7822913fb15343802",
            "5f3428988abb45c18596047437e7654f",
            "88c23867bfa44f9da78adbadf11078a2",
            "dc104e48ed964a1f990cf7c0937c2212",
            "255b90091a4c40c881eb1c72c6f2dac0",
            "d2cccbde894f4803a4b37bbac5aa3413",
            "50058d7be205493caa3c271a15938b1d",
            "65555413512c4055a6fa742713ebe6d6",
            "d9925d7b5cfc452e9da6401182a0a4bd",
            "0899311f66964eca9068c930e48f1643",
            "a0fe0abf2d6b49ed89111f7fa74e62ab",
            "60e9f7c6617f4fb29407a3c56e55a264",
            "984eaa0002de4dbda497b58bf3fd3f69",
            "eb9b62e350ab454d9c46614a32214152",
            "483f43d2235042d9beae7b66acf62d61",
            "c53a79d5d3464da9b26ae6a42b56093c",
            "305a558920e14c068a2d7845914cd875",
            "53f31aef10b84a9b8e55e2636f6c3bd0",
            "897a0390428544f88e7a2e45506a5f42",
            "eb9b0248a3d44cf2a4589b00844d5c89",
            "98714d8cb8024880a313bae2137ba5a0",
            "c83803f511f24f778022bc6d9740ccf4",
            "f39c29d57b984e1bb4926645b675977c",
            "9a45465f6e8e45d480339cb6bc3bbdcd",
            "12ab9a67a9db445fa7186447b1015067",
            "3f3c0afb2372454cb1acaf305d6d346e",
            "0cc09bfcba6e4f449e2aabd8d41da224",
            "64868f826a4842be970d2b1c9d62daba",
            "66236e01e2e84b9b9229df8107b17bd6",
            "cd206b971559439a915020865977a2ca",
            "19f63975f5754a41873662ea288f2f63",
            "6d613204c4874373bba1cd88e4ff4f33",
            "4be85a6b3a074b8398de2ddb2833a8c8",
            "e139c598ccd24bff945de88053fab097",
            "fc5cdc06a71a4dfcad0b60fc8cd71948",
            "1d8ac4cc9af34572b57477f2b85664aa",
            "e4ecd55b502c40f38e4a0dd1e640eadf",
            "967b80e0955143ddbf53918c3ac68f9f",
            "581d400429f049209310a5bae0a3768b",
            "43c178e66b5b4cd5be5528f41a5d7c56",
            "96c78a0cf82d4def94e3e5a41d7a0122",
            "4909b16e98ae4fa894101e40cdbb3555",
            "5241bcf46db744d89707bd9d5950567c",
            "6b60dcba75714919a8ee0a15a428c3fe",
            "ee79c650cca24917b4725e2b5905ef68",
            "93c41876fc3b4ee1a037b096d9cfc083",
            "f116e8d1a7014e49a82a73145bc16bd9",
            "20016630db994f32b6b7c13cef591350",
            "75065f82b70d4cbc8ac66ea6343d1290",
            "554c020fdf604e4a81c1ed7edd1c4a9b",
            "216d0d8b41ca41d8a2b8ad608f15fa12",
            "0298b4bfc6d14bf18c396d7b7e66a4e9",
            "6db66f3945de460aa9fd958644d7cef8",
            "b9b7f9fbef9040ab9695ad8beae5eaec",
            "f23d10e65109478f82ef3d48c03b1e8b",
            "29ab7d90d34140d5bab33534e0037bd4",
            "4a2cc40bfd8d41f09ec66a0a03d45083",
            "1dacb01e306a41c6bdf7c1e804dcec24",
            "6b764b7c3bad44c2bbf17d0d116a4895",
            "0f58ae9d60764b1fa53b46b86443b2a0",
            "0395987a5fff4c458028c59a07b8d0db",
            "d6d818546996459087ee0094b53c5c7a",
            "a0866b3393c44e6ba6d33cda13782901",
            "0de17ea142dd496ba6d9b1e798d25dd9",
            "d056c316b1544449acd56a719a319858",
            "db842a1b27624603b20c0f0698c53266",
            "3bc42611707846ccba65addedd38d31d",
            "7763bcdf80144dffb9d1b61d8a9d225e",
            "77f1286e4b0a4f8eb025c158d68b156c",
            "f6b1de6ca7aa49ce8ab8175db4269313",
            "dc764b3496bd4df981a9643d5cfb0e14",
            "214cd4d7f43742c9ac709ec9e605dc37",
            "2d9b159351924bd3b6b9331ae02de104",
            "704849bf786441028ab704fe961a99e2",
            "94e9ed35548b437a9dc1e96ec6208a3a",
            "dec48b24b066488fbc2e2316ef40bc0a",
            "ce53e819c88c4550badd533297b0dade",
            "0e18ee104b584426bfc5e8b3ce2b789b",
            "415fc41ffd6945e2b06b95a22c73038e",
            "890877371665482db1e8e3ca0ad4925e",
            "0e0fe68216744b2fb072f0979b9cf649",
            "7a06065786974ae198cf6d7d5839095c",
            "4e9fac99eb76443a9196e1341aeaaeb4",
            "5e47049d880c48d98bc450d4853b51a3",
            "220ac2f4310d404299198da6435dea43",
            "f17d144316d045c4920d7c33debf6c41",
            "f2b06fb61ca745f5b6dd1b097bfdf488",
            "ff867d284c9949cf8d11dc02de4485ae",
            "55b13ddbf7bd43368043b550ba5b5417",
            "f35e87b56fd54306a869fce38b4fbd06",
            "5532af5f2c474cd2ae2ed3bf3c81ef6a",
            "ddd0fbc208ea4f9eb3021070b08c764f",
            "43138a056ea84ec1b9f7b613ebe9fa75",
            "f0ce439871274cc6a6b0a5dbd18e7cc1",
            "6f27e3aa95ad4657852bfbb2a9bb8d6d",
            "1dab3847ca0a4213a56ff18c36362335",
            "08dc8709169747678a6dea45afcfdc5c",
            "53194188170941a99abe3cecac1b6273",
            "4af1cdd72fbd4b0c9eb14ef999420a60",
            "c0807dbd0d8a4e5ab3a45c791a958470",
            "406cab76b02a479695de6a4752220fb6",
            "518a50a730ec42e290f8749bce50dc91",
            "d6f13dc50f7a40a0b814ce0b97b49b3d",
            "39883ebd23344bc9b31dac12fd3bbf55",
            "d73f53e7171c423c99ffe7e6dd5d7c7e",
            "0d1b19da90e94d11b9d7fd63c5d6b682",
            "1a524275f5d8488fbfd1cbd5caa143a8",
            "9fbebaee5924423a84bb9904f7393bac",
            "57f0592a53974efe9a295117ebec6e40",
            "45f2dfd48f8247bda886073fd50c896f",
            "3e7de4fbcda0466c8ab9305e11148f36",
            "47e56ef3471d4cdbb9f8a662dc3a14b0",
            "3facf8cb7bd048c4a5e24b1367de9bf4",
            "d408b571a8b14d8a840301519ab13836",
            "56198ca34d9546f9bf2ad375f2cdbe1e",
            "85b59f778b84433fbd4e51b43cc04815",
            "60c3d1e105364c12a2bc0a7f813b2348",
            "41bd02d5263a4844a992ac118c0c5db7",
            "d00d6d2d1ecc444c84fd0e3460b5c954",
            "c27de20bca4945caaa899cbbd960b8ae",
            "34c8e0fc8b3c42d69859010529c43f4c",
            "1ce3e33d0ea84e86a0e040a4bc77864a",
            "6f8159b9a6134199a29f46e7064bd287",
            "eccf3286cac041d6b4b8d73b33681779",
            "628389db368c4b21911645b1e5ff5bf8",
            "d01739a4e7644104b830f807cb4fbf80",
            "e3ac2ff4858b4c04a10c8b867685aaaa",
            "92a88c22693343e39930c203cfd85166",
            "471df4103fa84a75ac10c4d2891a91a6",
            "97f0456fb33b4326ad34977f822b97bd",
            "2e00653b319448518f5f9db981be2bae",
            "ed850cbe8d204d0480db8e73d9143f67",
            "25d455abc5cc4566a8caccbd2bd1353b",
            "42101825032a4fddb6654e7457a66236",
            "8f4dd6b2571045df9bd6cfc31e387893",
            "fdf79bcb840f4100b31a6f363f9e702e",
            "399b3ffed5c64555adb4ad5bf97b6d5b",
            "5ec08dcd227141ab948e2f17b98de479",
            "4e00a940684f4b71ad018ede8ee7bc6e",
            "4d9ae8b06adc430cb184b686ac85fc99",
            "1aec6b11da7d4e65a0e1bacad4cb0b94",
            "0d9648dd333c4ffe8cc163880f91b929",
            "66b070b5365f4a188276a868192bd5e1",
            "3450ad78512a443981b907fd3dd6f475",
            "47089e9cfc854328b8adaae992723d08",
            "40a4ecdec85146b6992138cb8c0a15d7",
            "b8330212929546c4b33bffba07ee7da7",
            "f207f5a695844d0aa3e8837919e246f8",
            "c80d95fa9e4f47d1b88113ba571681b1",
            "cd1b0c90c9f14b43bb180d81ef336d2d",
            "7aa126e3e72d4f65adf5cbbff615d5c8",
            "23bfdc6676c04cdcbc25ed325f75293f",
            "2403ab2ab53a451893300fd8d49cecaf",
            "a173c9ed665f498298b622dbd189b96f",
            "72cb872103de4200860af03cbdb42f84",
            "01aaecbefc2647e0be57ba71e29db1a1",
            "a6af9a3d4efb47008a4829d4ffc136ff",
            "8321d3ea83434408b287a68de2bc83be",
            "13db7ea8fdd54220922e9d96c21883eb",
            "551fba38ed034cf69b0d82e8fbae950b",
            "2088b0cab99a45e494f91edc95c5175e",
            "687f9c5c7fcd41ec81a22b2c5b5be274",
            "6761d90304f7432684c8402a3e5615b4",
            "62477e9c5ee3466ba0f50cd02914ad18",
            "8ad7c20e68294cc4b4805792fa778c3f",
            "848c03063b0b4a548a931069be8363aa",
            "7f043245c2ac420e8c9c9a96d4f440f1",
            "79bdc7e81b4b4a3eafb70c87a8518ad9",
            "bfb0011105464399a22c56859fc03480",
            "5cf14fad97a14a33aa4d9f896be43436",
            "aaf2b9442f32444dbc62a8376ae69cbb",
            "1b715029d36b4cdbb0bc958d804a6861",
            "37f7a80b834f4f92847a9cbc0c4dec20",
            "9559302dd7d34af59a43c79e15739ae4",
            "88c4e15f19994119bd37aa92dd41330c",
            "f9802105d98f43dba08c1223c73dfc15",
            "a94a0469ddab41acb622292cdb2c93b3",
            "705cd72f545e44f7af27ab180dcc5f9a",
            "1557fc75da2f469d8484d70733250a99",
            "ef993f9d4b874df2b2e06a81ac1ef27c",
            "d8dd4fdce8ab4bb78501ef4f642a9006",
            "cced41b0821f4883994147121d17eaef",
            "129d52cbac3b409ab6a15daf2e12f782",
            "ea001b7a19a742548b19d6aedfdafe0e",
            "bc5f9f227c8d40d3a14264ce0fe4fd59",
            "286af0c8fbe945e28e13f70315e0a025",
            "afd93d4c7a9548159c0073514fe7f610",
            "a3ad8ba9b922428e9cab76be94f4f311",
            "b3a9cb25f1434ffcb18554c0af01716d",
            "1422dea28728427ab42707667a50ecd4",
            "7dbe525731274750a1afbdf5096966f1",
            "1ea4d47c912f41f39cf385088c6c7a57",
            "f8d6a6e88179425cbfa0b50702bf2f9a",
            "ae722c3990504b908c590e5a29070a85",
            "fd8be497fa824e43bf72235eae929af0",
            "5f1c41e9c5e444e7a9aa0dbca2dd3cd9",
            "d268376a0e4f45a6ae2fb4722efac941",
            "5f201ad957694a068b34f0b233440b76",
            "4c5771a5889a4032aa20b5ca2a3806a9",
            "4ea25639ec1546e18f7ad1d8942a08d0",
            "e03cbb49eb8b4ec79ac7635e82472c40",
            "c5245e8aeae9451a8e7974c64c087328",
            "910091222799476893f3d43fefa595ab",
            "df612ab4ffca4d4daae8f6c2dfe812b0",
            "5b64d90cad484b66adb003115326e845",
            "4566c73044f348d987f365a6258c3dbf",
            "ae7805b10c96477ba3efeeb2d8c1aa9b",
            "c3e38ea12cfb46348ca30c2b5d03980f",
            "421fd8b77e7e4377bc83ef30d829d156",
            "7793e87956554db98c73db1159338c97",
            "9d0efc71c3354b13953e529723a4edd4",
            "b23e41980a11446aa0a6c5b334694ef2",
            "50b5ed815c77450dbf1605ab668a5646",
            "0131c86fbd2b441aac7ab239871bedc9",
            "7f1e31c438254e44bccca852b98a6f00",
            "ecdcc55687ff40ec8b0c97271157c32a",
            "4f7f11a3999b42268756c411aa26294c",
            "667683a980724802ba925c468ecf3406",
            "8c0bd518811e46a58651c94d61a62535",
            "9240e02ed73f4b00be355b6a833f6c3e",
            "b5de8424c19d421a905ebab547fd88c8",
            "3f4888a1be804e839128162ce0ec6114",
            "cebbd6ef399d423cae15c79a07bd3b4a",
            "77dae82460d54044b4f2339a603a38e8",
            "ca1bae8e039548839bb35dbefda817b4",
            "42ee63e50ab44876aed1e3a5fb9671bb",
            "bd5edfd82d964a04bb9fbcd058a1536f",
            "94bb541024de41eebeb13be773f4da22",
            "bdad6f49f56941ffb1c0a54d269ed634",
            "0b77b537214f4c8c9c898f3fbf22afe5",
            "3b97735661e34a73a8ebcedc6fe315b9",
            "4f7e99a9f85541c8a9ede8741c117f0d",
            "faec15ad4af843baa69ac00448f0c565",
            "667d9164dd284683b33ac2194258bb5d",
            "a646dbe6862a464187270f0eca143d8c",
            "f4268e8965744462b5e80562aad7cf95",
            "59a36d6be93f443b80cf51972e95c4de",
            "6cfe2a8de49c4a14a1ae6a2edede7c82",
            "55203d1dcc6f40fc938ff02cc2317d22",
            "1324dd2a8b2747ecbd0baee64ef9b012",
            "b3fcc5fdf21c403cbb0ac06a6268dbb1",
            "08003775210c4d4a9653117a9ad5fcc0",
            "ce3f811a9ce741b4aa358374997e0d78",
            "6700c03236f14b05ba34912263016ad6",
            "d21605804b9749bb9366318f4aca651d",
            "679766de6a194e4bbf662f1e037d6459",
            "12b37577706144719b8d9d9ea11b8682",
            "bb590a11e25147fe874716ec86890973",
            "9519db85d0a44c4790179ca7a7be7344",
            "6cd3c7254bdd415a9364e9362b0e144c",
            "0a3ecb5818d048e1b06b6b3badad006c",
            "4fa2d1ca0f614ffe98e648a728ecaef7",
            "7cbae88fffae45ac99a0f0cb962371ea",
            "c74d9c429411435e8bf0c367c975a404",
            "47508f801dab4ed0b0d286e60e9ea73d",
            "8d9b25e677da4e8893ed114467aeb2e6",
            "e5ba82e77d9745b4910e2b36630482bc",
            "165a9e41739d4c5b85bfeb601078a251",
            "300662df9b2f41e5bc8101a3ce8b28ab",
            "43b6fe8ec857417d8df32b8ed197b5c1",
            "6a870f513b8c43c88a985fb81ee8c5f9",
            "650b40ced2d3488ebd7ce7df0a236412",
            "74281b05f11e4cd4a54236b46caa412e"
          ]
        },
        "id": "pyY64y83CiHT",
        "outputId": "6b4bf5d9-6c58-49fb-fde2-343dfcb926a1"
      },
      "outputs": [
        {
          "name": "stdout",
          "output_type": "stream",
          "text": [
            "Using device: cuda\n"
          ]
        },
        {
          "name": "stderr",
          "output_type": "stream",
          "text": [
            "/tmp/ipython-input-2911425189.py:24: FutureWarning: `torch.cuda.amp.GradScaler(args...)` is deprecated. Please use `torch.amp.GradScaler('cuda', args...)` instead.\n",
            "  scaler = torch.cuda.amp.GradScaler()\n"
          ]
        },
        {
          "data": {
            "application/vnd.jupyter.widget-view+json": {
              "model_id": "f2ad4512c8884d0a8c7924bc3197af0e",
              "version_major": 2,
              "version_minor": 0
            },
            "text/plain": [
              "  0%|          | 0/986 [00:00<?, ?it/s]"
            ]
          },
          "metadata": {},
          "output_type": "display_data"
        },
        {
          "name": "stderr",
          "output_type": "stream",
          "text": [
            "/tmp/ipython-input-2911425189.py:87: FutureWarning: `torch.cuda.amp.autocast(args...)` is deprecated. Please use `torch.amp.autocast('cuda', args...)` instead.\n",
            "  with torch.cuda.amp.autocast():\n"
          ]
        },
        {
          "data": {
            "application/vnd.jupyter.widget-view+json": {
              "model_id": "d630d254e8c84959a7efbc8e2bee20a2",
              "version_major": 2,
              "version_minor": 0
            },
            "text/plain": [
              "  0%|          | 0/775 [00:00<?, ?it/s]"
            ]
          },
          "metadata": {},
          "output_type": "display_data"
        },
        {
          "name": "stdout",
          "output_type": "stream",
          "text": [
            "Epoch 1/20 | Train Loss: 0.7228 | Val F1: 0.7032\n",
            "\n",
            "Confusion Matrix:\n",
            "[[3234   38  105   41   18]\n",
            " [ 180 3322  176  346  170]\n",
            " [ 247  110 3981 2182  161]\n",
            " [ 119  133  439 2086  135]\n",
            " [ 570  734  197 1264 4784]]\n",
            "\n",
            "Normalized Confusion Matrix (% per class):\n",
            "[[0.94121071 0.01105937 0.03055879 0.01193248 0.00523865]\n",
            " [0.04291845 0.79208393 0.04196471 0.08249881 0.0405341 ]\n",
            " [0.03697051 0.0164646  0.59586888 0.32659781 0.02409819]\n",
            " [0.04086538 0.04567308 0.15075549 0.71634615 0.04635989]\n",
            " [0.07550669 0.09723142 0.02609617 0.1674394  0.63372632]]\n",
            "Improved F1\n"
          ]
        },
        {
          "data": {
            "application/vnd.jupyter.widget-view+json": {
              "model_id": "b905778239944f7fa62bac6d3f2a6f53",
              "version_major": 2,
              "version_minor": 0
            },
            "text/plain": [
              "  0%|          | 0/986 [00:00<?, ?it/s]"
            ]
          },
          "metadata": {},
          "output_type": "display_data"
        },
        {
          "name": "stderr",
          "output_type": "stream",
          "text": [
            "/tmp/ipython-input-2911425189.py:87: FutureWarning: `torch.cuda.amp.autocast(args...)` is deprecated. Please use `torch.amp.autocast('cuda', args...)` instead.\n",
            "  with torch.cuda.amp.autocast():\n"
          ]
        },
        {
          "data": {
            "application/vnd.jupyter.widget-view+json": {
              "model_id": "f9fdc4ff22ad467fa2d89f1ab2bd0a35",
              "version_major": 2,
              "version_minor": 0
            },
            "text/plain": [
              "  0%|          | 0/775 [00:00<?, ?it/s]"
            ]
          },
          "metadata": {},
          "output_type": "display_data"
        },
        {
          "name": "stdout",
          "output_type": "stream",
          "text": [
            "Epoch 2/20 | Train Loss: 0.5781 | Val F1: 0.7071\n",
            "\n",
            "Confusion Matrix:\n",
            "[[3300   79   35   18    4]\n",
            " [ 134 3854   57   88   61]\n",
            " [ 364  271 4301 1594  151]\n",
            " [ 192  271  464 1850  135]\n",
            " [ 657 1488  233  758 4413]]\n",
            "\n",
            "Normalized Confusion Matrix (% per class):\n",
            "[[0.96041909 0.02299185 0.01018626 0.00523865 0.00116414]\n",
            " [0.03195041 0.91893181 0.01359084 0.02098236 0.01454459]\n",
            " [0.05448286 0.04056279 0.6437659  0.23858704 0.02260141]\n",
            " [0.06593407 0.09306319 0.15934066 0.6353022  0.04635989]\n",
            " [0.08703139 0.1971122  0.03086502 0.10041065 0.58458074]]\n",
            "Improved F1\n"
          ]
        },
        {
          "data": {
            "application/vnd.jupyter.widget-view+json": {
              "model_id": "eac9ee7461044a9e962453c14669c9c8",
              "version_major": 2,
              "version_minor": 0
            },
            "text/plain": [
              "  0%|          | 0/986 [00:00<?, ?it/s]"
            ]
          },
          "metadata": {},
          "output_type": "display_data"
        },
        {
          "name": "stderr",
          "output_type": "stream",
          "text": [
            "/tmp/ipython-input-2911425189.py:87: FutureWarning: `torch.cuda.amp.autocast(args...)` is deprecated. Please use `torch.amp.autocast('cuda', args...)` instead.\n",
            "  with torch.cuda.amp.autocast():\n"
          ]
        },
        {
          "data": {
            "application/vnd.jupyter.widget-view+json": {
              "model_id": "ff21cf3bc9374a6b9cc2feabcc025c7c",
              "version_major": 2,
              "version_minor": 0
            },
            "text/plain": [
              "  0%|          | 0/775 [00:00<?, ?it/s]"
            ]
          },
          "metadata": {},
          "output_type": "display_data"
        },
        {
          "name": "stdout",
          "output_type": "stream",
          "text": [
            "Epoch 3/20 | Train Loss: 0.5400 | Val F1: 0.7220\n",
            "\n",
            "Confusion Matrix:\n",
            "[[3398    9   17    9    3]\n",
            " [ 310 3328  111  299  146]\n",
            " [ 550   56 4419 1512  144]\n",
            " [ 253   63  467 1999  130]\n",
            " [ 867  509  429  814 4930]]\n",
            "\n",
            "Normalized Confusion Matrix (% per class):\n",
            "[[9.88940629e-01 2.61932480e-03 4.94761350e-03 2.61932480e-03\n",
            "  8.73108265e-04]\n",
            " [7.39151168e-02 7.93514545e-01 2.64663805e-02 7.12923224e-02\n",
            "  3.48116357e-02]\n",
            " [8.23230055e-02 8.38197875e-03 6.61427930e-01 2.26313426e-01\n",
            "  2.15536596e-02]\n",
            " [8.68818681e-02 2.16346154e-02 1.60370879e-01 6.86469780e-01\n",
            "  4.46428571e-02]\n",
            " [1.14849649e-01 6.74261492e-02 5.68287190e-02 1.07828852e-01\n",
            "  6.53066631e-01]]\n",
            "Improved F1\n"
          ]
        },
        {
          "data": {
            "application/vnd.jupyter.widget-view+json": {
              "model_id": "d15006c76709485885900f4559712877",
              "version_major": 2,
              "version_minor": 0
            },
            "text/plain": [
              "  0%|          | 0/986 [00:00<?, ?it/s]"
            ]
          },
          "metadata": {},
          "output_type": "display_data"
        },
        {
          "name": "stderr",
          "output_type": "stream",
          "text": [
            "/tmp/ipython-input-2911425189.py:87: FutureWarning: `torch.cuda.amp.autocast(args...)` is deprecated. Please use `torch.amp.autocast('cuda', args...)` instead.\n",
            "  with torch.cuda.amp.autocast():\n"
          ]
        },
        {
          "data": {
            "application/vnd.jupyter.widget-view+json": {
              "model_id": "bdf5af5d8a834780aa03bca4dd368508",
              "version_major": 2,
              "version_minor": 0
            },
            "text/plain": [
              "  0%|          | 0/775 [00:00<?, ?it/s]"
            ]
          },
          "metadata": {},
          "output_type": "display_data"
        },
        {
          "name": "stdout",
          "output_type": "stream",
          "text": [
            "Epoch 4/20 | Train Loss: 0.5048 | Val F1: 0.7293\n",
            "\n",
            "Confusion Matrix:\n",
            "[[3383   26   12    9    6]\n",
            " [ 182 3693   37  136  146]\n",
            " [ 518  131 4222 1433  377]\n",
            " [ 217  196  351 1803  345]\n",
            " [ 947  844  127  340 5291]]\n",
            "\n",
            "Normalized Confusion Matrix (% per class):\n",
            "[[0.98457509 0.00756694 0.00349243 0.00261932 0.00174622]\n",
            " [0.04339533 0.88054363 0.00882213 0.03242728 0.03481164]\n",
            " [0.0775333  0.01960784 0.63194133 0.21448885 0.05642868]\n",
            " [0.07451923 0.06730769 0.12053571 0.61916209 0.11847527]\n",
            " [0.12544708 0.11180289 0.01682342 0.04503908 0.70088753]]\n",
            "Improved F1\n"
          ]
        },
        {
          "data": {
            "application/vnd.jupyter.widget-view+json": {
              "model_id": "3f2c170962084526b320c28e3a53c1a6",
              "version_major": 2,
              "version_minor": 0
            },
            "text/plain": [
              "  0%|          | 0/986 [00:00<?, ?it/s]"
            ]
          },
          "metadata": {},
          "output_type": "display_data"
        },
        {
          "name": "stderr",
          "output_type": "stream",
          "text": [
            "/tmp/ipython-input-2911425189.py:87: FutureWarning: `torch.cuda.amp.autocast(args...)` is deprecated. Please use `torch.amp.autocast('cuda', args...)` instead.\n",
            "  with torch.cuda.amp.autocast():\n"
          ]
        },
        {
          "data": {
            "application/vnd.jupyter.widget-view+json": {
              "model_id": "4f85447f1100476e8ffceaef1802950e",
              "version_major": 2,
              "version_minor": 0
            },
            "text/plain": [
              "  0%|          | 0/775 [00:00<?, ?it/s]"
            ]
          },
          "metadata": {},
          "output_type": "display_data"
        },
        {
          "name": "stdout",
          "output_type": "stream",
          "text": [
            "Epoch 5/20 | Train Loss: 0.4871 | Val F1: 0.7506\n",
            "\n",
            "Confusion Matrix:\n",
            "[[3312   16   64   32   12]\n",
            " [ 151 3367  166  282  228]\n",
            " [ 235   33 4671 1542  200]\n",
            " [ 106   63  600 2006  137]\n",
            " [ 768  432  329  576 5444]]\n",
            "\n",
            "Normalized Confusion Matrix (% per class):\n",
            "[[0.96391153 0.00465658 0.01862631 0.00931315 0.00349243]\n",
            " [0.03600381 0.80281354 0.03958035 0.06723891 0.05436338]\n",
            " [0.03517438 0.00493938 0.69914683 0.23080377 0.02993564]\n",
            " [0.0364011  0.02163462 0.20604396 0.68887363 0.0470467 ]\n",
            " [0.10173533 0.05722612 0.04358193 0.0763015  0.72115512]]\n",
            "Improved F1\n"
          ]
        },
        {
          "data": {
            "application/vnd.jupyter.widget-view+json": {
              "model_id": "825f8e960fa7423fa1fa8404d1e09978",
              "version_major": 2,
              "version_minor": 0
            },
            "text/plain": [
              "  0%|          | 0/986 [00:00<?, ?it/s]"
            ]
          },
          "metadata": {},
          "output_type": "display_data"
        },
        {
          "name": "stderr",
          "output_type": "stream",
          "text": [
            "/tmp/ipython-input-2911425189.py:87: FutureWarning: `torch.cuda.amp.autocast(args...)` is deprecated. Please use `torch.amp.autocast('cuda', args...)` instead.\n",
            "  with torch.cuda.amp.autocast():\n"
          ]
        },
        {
          "data": {
            "application/vnd.jupyter.widget-view+json": {
              "model_id": "91c4742718aa487f8680946d6c6b9150",
              "version_major": 2,
              "version_minor": 0
            },
            "text/plain": [
              "  0%|          | 0/775 [00:00<?, ?it/s]"
            ]
          },
          "metadata": {},
          "output_type": "display_data"
        },
        {
          "name": "stdout",
          "output_type": "stream",
          "text": [
            "Epoch 6/20 | Train Loss: 0.4758 | Val F1: 0.7363\n",
            "\n",
            "Confusion Matrix:\n",
            "[[3400   10   18    5    3]\n",
            " [ 221 3599   88  201   85]\n",
            " [ 491   51 4816 1138  185]\n",
            " [ 202   87  547 1954  122]\n",
            " [ 825  992  452  582 4698]]\n",
            "\n",
            "Normalized Confusion Matrix (% per class):\n",
            "[[9.89522701e-01 2.91036088e-03 5.23864959e-03 1.45518044e-03\n",
            "  8.73108265e-04]\n",
            " [5.26943252e-02 8.58130663e-01 2.09823557e-02 4.79256080e-02\n",
            "  2.02670482e-02]\n",
            " [7.34919922e-02 7.63358779e-03 7.20850172e-01 1.70333782e-01\n",
            "  2.76904655e-02]\n",
            " [6.93681319e-02 2.98763736e-02 1.87843407e-01 6.71016484e-01\n",
            "  4.18956044e-02]\n",
            " [1.09285998e-01 1.31408134e-01 5.98754802e-02 7.70963041e-02\n",
            "  6.22334084e-01]]\n",
            "No improvement (1/8)\n"
          ]
        },
        {
          "data": {
            "application/vnd.jupyter.widget-view+json": {
              "model_id": "3e27fb3e1d1b4fddb77256af84bed6e2",
              "version_major": 2,
              "version_minor": 0
            },
            "text/plain": [
              "  0%|          | 0/986 [00:00<?, ?it/s]"
            ]
          },
          "metadata": {},
          "output_type": "display_data"
        },
        {
          "name": "stderr",
          "output_type": "stream",
          "text": [
            "/tmp/ipython-input-2911425189.py:87: FutureWarning: `torch.cuda.amp.autocast(args...)` is deprecated. Please use `torch.amp.autocast('cuda', args...)` instead.\n",
            "  with torch.cuda.amp.autocast():\n"
          ]
        },
        {
          "data": {
            "application/vnd.jupyter.widget-view+json": {
              "model_id": "0c59bd08ad1349338ad8ac8351809a04",
              "version_major": 2,
              "version_minor": 0
            },
            "text/plain": [
              "  0%|          | 0/775 [00:00<?, ?it/s]"
            ]
          },
          "metadata": {},
          "output_type": "display_data"
        },
        {
          "name": "stdout",
          "output_type": "stream",
          "text": [
